0.000870045 0.000872248 0.000864906 0.000846306 0.000841166 0.000837984 0.000839208 0.000839698 0.000838474 0.000838229 0.00083774 0.000831132 0.000824524 0.000814979 0.000814245 0.000816692 0.000807147 0.000786345 0.0007768 0.000775576 0.00077215 0.000758444 0.00074841 0.000742536 0.000737886 0.0007303 0.000722223 0.000709986 0.000704113 0.000684289 0.000663486 0.000661283 0.000654431 0.000649291 0.000642928 0.000642928 0.000638767 0.000627509 0.000612825 0.000600343 0.000584435 
0.00875185 0.00877241 0.00874132 0.00869605 0.00864783 0.00862238 0.00856683 0.00849903 0.00839991 0.00831523 0.00825527 0.008175 0.00809252 0.00795082 0.00788205 0.00775307 0.0076263 0.00745131 0.00733285 0.00715933 0.00703183 0.00686247 0.00672346 0.00660549 0.006477 0.00631988 0.00619188 0.00607588 0.00594201 0.00580862 0.00567818 0.00555263 0.00543173 0.00527583 0.0051772 0.00508053 0.00495962 0.00485708 0.00475967 0.00463608 0.00456633 
0 0 0 0 0 0 0 0 0 0 0 0 0 0 0 0 0 0 0 0 0 0 0 0 0 0 0 0 0 0 0 0 0 0 0 0 0 0 0 0 0 
0.000403286 0.000405294 0.000402283 0.000413123 0.000399071 0.000390841 0.00039064 0.000385822 0.000378595 0.000384618 0.0003798 0.000380201 0.000376187 0.000376789 0.000367555 0.000357317 0.000358521 0.000346076 0.000332425 0.000334031 0.00033925 0.000335637 0.000338447 0.000335637 0.000330217 0.000327407 0.000324596 0.000321385 0.000313556 0.000311749 0.000308136 0.00030934 0.00030653 0.000305125 0.000296292 0.000294485 0.000290872 0.000281839 0.000276218 0.00027662 0.000272404 
0.00478664 0.00477962 0.00477359 0.00477038 0.00474148 0.00473766 0.00471458 0.00465797 0.00462163 0.00460658 0.00453893 0.00449537 0.00445683 0.00442471 0.00435485 0.00429583 0.00419968 0.00415451 0.00407783 0.00403246 0.00395377 0.00388994 0.00382028 0.00374219 0.0036635 0.00358542 0.00351757 0.00347019 0.00343687 0.00338468 0.00329033 0.00322268 0.00314539 0.00307574 0.00300307 0.00295048 0.00289768 0.00285091 0.00279671 0.00271621 0.00264415 
0 0 0 0 0 0 0 0 0 0 0 0 0 0 0 0 0 0 0 0 0 0 0 0 0 0 0 0 0 0 0 0 0 0 0 0 0 0 0 0 0 
0.000267928 0.00026462 0.000269765 0.000277483 0.000277667 0.000275278 0.000271235 0.000266825 0.000258923 0.000250654 0.000241466 0.000242752 0.000243855 0.000244038 0.000253778 0.000252675 0.000252308 0.000246427 0.00023926 0.00023926 0.000236137 0.000231359 0.000227132 0.000227132 0.000225294 0.000219598 0.000214452 0.000216474 0.000213166 0.000208021 0.000202691 0.000201038 0.000201038 0.00020361 0.000198281 0.000192217 0.000194973 0.000192401 0.000192033 0.000186153 0.000181926 
0.00377524 0.00377708 0.00376624 0.00372857 0.00373941 0.00372379 0.00373776 0.00372691 0.0036999 0.00366296 0.00360894 0.00359387 0.00354352 0.00349629 0.00344943 0.003409 0.00333844 0.00329874 0.00325721 0.00318481 0.00313225 0.00310524 0.00305379 0.00301005 0.00295658 0.00290475 0.00286194 0.00281306 0.00275627 0.00269912 0.00264344 0.00259199 0.00254053 0.0024742 0.00242495 0.0023814 0.00233454 0.00228731 0.00223806 0.00218183 0.00213662 
0 0 0 0 0 0 0 0 0 0 0 0 0 0 0 0 0 0 0 0 0 0 0 0 0 0 0 0 0 0 0 0 0 0 0 0 0 0 0 0 0 
0.000248183 0.000244177 0.000247542 0.000248503 0.000247862 0.000248984 0.000252509 0.000261962 0.000261321 0.000261481 0.000261321 0.000258597 0.00025331 0.000256675 0.000251227 0.000248183 0.000243376 0.000238249 0.000239371 0.00023857 0.000237128 0.000233923 0.00023184 0.000227995 0.000223349 0.000215177 0.000211492 0.000207807 0.000205884 0.000201238 0.00019515 0.000196271 0.000191304 0.00018794 0.000190663 0.000187299 0.000186498 0.000187299 0.00018105 0.000181691 0.000177846 
0.00356124 0.00355547 0.00355035 0.00354394 0.00353929 0.00351269 0.00349827 0.00346463 0.00345293 0.00342057 0.00339269 0.00334815 0.00330857 0.00326884 0.00323471 0.00319722 0.00313986 0.0030982 0.00304757 0.00300752 0.00294839 0.00290001 0.00285963 0.0028082 0.0027502 0.00268964 0.00265006 0.00259847 0.00255329 0.00250891 0.00246517 0.00240989 0.00236743 0.00231424 0.00227594 0.0022266 0.00220465 0.00216812 0.00213158 0.00209618 0.0020534 
0 0 0 0 0 0 0 0 0 0 0 0 0 0 0 0 0 0 0 0 0 0 0 0 0 0 0 0 0 0 0 0 0 0 0 0 0 0 0 0 0 
0.000524676 0.00053015 0.000532455 0.00053404 0.000540235 0.000542972 0.000538794 0.000545709 0.000540091 0.000538794 0.00053476 0.000535481 0.000526981 0.000517905 0.000516897 0.000511134 0.000501482 0.000491397 0.000487364 0.000476415 0.000466331 0.000462873 0.000458551 0.000455958 0.000454373 0.000452933 0.000446882 0.000443857 0.000439823 0.000431179 0.000433916 0.000428442 0.000429018 0.000432044 0.000427434 0.000420375 0.000417926 0.000415188 0.000409714 0.000402655 0.000386232 
0.00614744 0.00612612 0.00611776 0.00612352 0.00607281 0.00604011 0.00603032 0.00597816 0.00594013 0.00588035 0.00578959 0.00570185 0.00564322 0.00555779 0.0054921 0.00543145 0.00536331 0.00527111 0.00518524 0.005088 0.00499134 0.00490475 0.00479455 0.00469125 0.0045979 0.00449691 0.00439794 0.00429667 0.00419064 0.00409714 0.00399514 0.0039136 0.00381751 0.00372748 0.00364219 0.00358197 0.00349755 0.00344684 0.00338446 0.0033156 0.00326547 
0 0 0 0 0 0 0 0 0 0 0 0 0 0 0 0 0 0 0 0 0 0 0 0 0 0 0 0 0 0 0 0 0 0 0 0 0 0 0 0 0 
0.000771841 0.000771707 0.000757812 0.000758213 0.000753269 0.000753403 0.000750464 0.0007518 0.000756342 0.000754338 0.000752468 0.000746055 0.000751933 0.000741379 0.00073884 0.00072922 0.000722406 0.000716661 0.000710516 0.000697556 0.000689539 0.00067511 0.000665891 0.00066215 0.000659478 0.000655737 0.000653065 0.000639705 0.000642777 0.000635028 0.000624741 0.000614319 0.00060991 0.000605902 0.000594813 0.000589335 0.000583857 0.000573837 0.000574906 0.00056248 0.000556468 
0.008306 0.0082885 0.00828837 0.00826312 0.00822691 0.00818883 0.00813633 0.008044 0.00796344 0.00789958 0.00780178 0.0076997 0.00762395 0.00754231 0.00741178 0.00727657 0.00716929 0.00704971 0.00691691 0.00676767 0.00664248 0.00650193 0.00638315 0.00625716 0.00610218 0.00597271 0.00587705 0.00572608 0.00558058 0.00545806 0.00532994 0.00520969 0.00507889 0.00495277 0.00482918 0.00472537 0.00459564 0.00450639 0.00438013 0.00428714 0.00418787 
0 0 0 0 0 0 0 0 0 0 0 0 0 0 0 0 0 0 0 0 0 0 0 0 0 0 0 0 0 0 0 0 0 0 0 0 0 0 0 0 0 
0.000957364 0.000957153 0.000964954 0.000964743 0.000958734 0.000958418 0.000954412 0.000945347 0.000939022 0.000939022 0.000933014 0.000931643 0.000930062 0.000941236 0.000931116 0.000921524 0.000912142 0.000906871 0.000885156 0.000875458 0.000859013 0.000841409 0.000837825 0.000829076 0.000815161 0.000806623 0.000803882 0.000796398 0.000788703 0.000778267 0.000764668 0.000750648 0.000746643 0.000740002 0.000723136 0.000716284 0.000704794 0.000699418 0.00068466 0.000680759 0.000673486 
0.00961328 0.00961454 0.009604 0.00956552 0.00952599 0.00946686 0.00939149 0.00932212 0.00921745 0.00911193 0.00901021 0.00888698 0.00873655 0.00861765 0.00847439 0.00834178 0.00821528 0.00807298 0.00791159 0.00777413 0.00763129 0.00749405 0.00731801 0.00716347 0.00698037 0.00683985 0.00668331 0.00654659 0.00637867 0.00624416 0.00607149 0.00595902 0.00582799 0.0056783 0.00550932 0.00535827 0.00521459 0.00509083 0.00495179 0.00483721 0.0047339 
0 0 0 0 0 0 0 0 0 0 0 0 0 0 0 0 0 0 0 0 0 0 0 0 0 0 0 0 0 0 0 0 0 0 0 0 0 0 0 0 0 
0.000935813 0.000932169 0.000941602 0.00094296 0.000940959 0.000941959 0.00092831 0.000918233 0.000904727 0.000898152 0.000889219 0.000889434 0.000887719 0.000882144 0.000880215 0.000883073 0.00088243 0.000876284 0.000869209 0.000856775 0.000846556 0.000836837 0.000831334 0.0008214 0.000807036 0.000794101 0.000779809 0.000769375 0.000769732 0.000761443 0.000753868 0.000744935 0.00073936 0.000733572 0.000720923 0.000704058 0.000695268 0.000682404 0.000672971 0.000659036 0.00065046 
0.0089911 0.00897466 0.00895772 0.00892692 0.00886861 0.00882902 0.00876249 0.0086673 0.00860162 0.00852794 0.0084309 0.00831756 0.00818206 0.00807208 0.00795173 0.00781402 0.00767553 0.00751917 0.00739218 0.00725318 0.00710997 0.0069451 0.00678409 0.00664367 0.00649502 0.00634659 0.00619809 0.00606453 0.00590659 0.00576245 0.00562746 0.00549003 0.00535118 0.00521426 0.00508512 0.00496749 0.00485508 0.00473559 0.00461739 0.0044749 0.00437085 
0 0 0 0 0 0 0 0 0 0 0 0 0 0 0 0 0 0 0 0 0 0 0 0 0 0 0 0 0 0 0 0 0 0 0 0 0 0 0 0 0 
0.000890706 0.000895985 0.000890596 0.000897194 0.00089461 0.000889386 0.000880369 0.000879544 0.000873056 0.000870526 0.000866348 0.000859035 0.00085854 0.000851831 0.000842374 0.000837645 0.000832917 0.000823239 0.00082126 0.000815651 0.000799925 0.000786619 0.0007809 0.000768474 0.000761876 0.000754343 0.000742081 0.000736362 0.00072531 0.000715743 0.000706066 0.000692649 0.000686271 0.000684016 0.000670435 0.000658228 0.000649761 0.000644482 0.000634475 0.000623148 0.00061435 
0.00819583 0.00818345 0.00818312 0.00814892 0.00813578 0.00809476 0.0080389 0.00797495 0.00788708 0.00778074 0.00769304 0.00757295 0.00746304 0.00735681 0.00725673 0.00713071 0.00699918 0.00688322 0.00676022 0.00661198 0.0064975 0.00636696 0.00623467 0.00610111 0.00595342 0.00579506 0.00565661 0.00551321 0.00537882 0.00525214 0.00513353 0.00501658 0.00489473 0.00476436 0.00463966 0.00452419 0.00442274 0.0042982 0.00417921 0.00407529 0.00396801 
0 0 0 0 0 0 0 0 0 0 0 0 0 0 0 0 0 0 0 0 0 0 0 0 0 0 0 0 0 0 0 0 0 0 0 0 0 0 0 0 0 
0.000745847 0.000747494 0.000746753 0.000746835 0.000740743 0.000738273 0.000734938 0.000738808 0.00073428 0.000728269 0.000726499 0.000727322 0.000719089 0.00071275 0.000711968 0.000709004 0.000701676 0.000696283 0.000688174 0.000684427 0.000677923 0.000668784 0.000656846 0.000645978 0.00063511 0.000626713 0.000619508 0.000613045 0.000601148 0.000595262 0.000589622 0.000583859 0.000582665 0.000572291 0.000564552 0.000551955 0.000542075 0.000534706 0.000524003 0.000513959 0.000508978 
0.00676466 0.00675321 0.00672959 0.00671065 0.00668846 0.00664906 0.0066065 0.00655603 0.00648666 0.00641886 0.00634332 0.00625844 0.00615474 0.00606125 0.00596287 0.00586049 0.00575523 0.00565791 0.00555079 0.00545043 0.00533319 0.00522019 0.00512016 0.00500501 0.0048888 0.004773 0.00465815 0.00453786 0.00443285 0.00432306 0.00422817 0.00411751 0.00401958 0.00392226 0.00381676 0.00372179 0.00363208 0.00353753 0.00344099 0.00334565 0.0032578 
0 0 0 0 0 0 0 0 0 0 0 0 0 0 0 0 0 0 0 0 0 0 0 0 0 0 0 0 0 0 0 0 0 0 0 0 0 0 0 0 0 
0.000601163 0.000599401 0.000598721 0.000599216 0.000596124 0.0005943 0.000588117 0.00058824 0.000584067 0.000585025 0.000582274 0.000581624 0.000580171 0.000580326 0.000578162 0.000572257 0.000568021 0.000558654 0.000548884 0.000544401 0.000538806 0.000530242 0.000524244 0.000519081 0.000514691 0.000509868 0.000502819 0.000493112 0.000489618 0.000484579 0.000473944 0.000463896 0.000459135 0.000450478 0.000445037 0.000437957 0.000426673 0.00042015 0.000416316 0.000411648 0.000404753 
0.00538571 0.00538277 0.0053657 0.00535148 0.00532635 0.00530282 0.00526829 0.00521326 0.00515767 0.00509472 0.00502726 0.00497094 0.00489686 0.00483401 0.00476321 0.00468051 0.00461219 0.00453592 0.00443371 0.0043477 0.00424914 0.00415794 0.00405795 0.00396721 0.00387657 0.00378521 0.0036924 0.00360766 0.00352264 0.00343929 0.00335158 0.00326789 0.00319035 0.00310954 0.00302678 0.00294092 0.00285847 0.0027916 0.00271926 0.00264991 0.00258094 
0 0 0 0 0 0 0 0 0 0 0 0 0 0 0 0 0 0 0 0 0 0 0 0 0 0 0 0 0 0 0 0 0 0 0 0 0 0 0 0 0 
0.000482165 0.000482259 0.000480707 0.000477557 0.000478239 0.000477463 0.000476287 0.000474031 0.00047222 0.000469188 0.00046451 0.000462323 0.000460019 0.000458538 0.000455529 0.000452167 0.000446079 0.000441142 0.000436652 0.000429482 0.000423534 0.00042083 0.000416434 0.000406843 0.00040287 0.000400025 0.000391233 0.000389164 0.000383757 0.000376798 0.000373225 0.000368852 0.000364762 0.000358556 0.000354042 0.000350586 0.000346449 0.00034304 0.000336199 0.000331262 0.000323692 
0.00422069 0.00421394 0.00421025 0.00419486 0.00417494 0.00416288 0.00412414 0.00408897 0.00405921 0.00400845 0.00396045 0.00391066 0.00384427 0.00377706 0.00372623 0.00366556 0.00359555 0.00352683 0.00346296 0.00339871 0.00333429 0.00326642 0.00319578 0.00312159 0.00305776 0.00298881 0.00291412 0.0028352 0.00276689 0.0026985 0.00263858 0.00256532 0.00249849 0.0024404 0.00238294 0.00231582 0.00225684 0.00219767 0.00214386 0.00208878 0.00203026 
0 0 0 0 0 0 0 0 0 0 0 0 0 0 0 0 0 0 0 0 0 0 0 0 0 0 0 0 0 0 0 0 0 0 0 0 0 0 0 0 0 
0.0003482 0.000349009 0.000349818 0.000347027 0.000345028 0.000344731 0.000340932 0.000339842 0.000337315 0.000334986 0.00033421 0.000332393 0.000330295 0.00032899 0.000323969 0.000321888 0.000318782 0.000316222 0.000314967 0.000311416 0.000307832 0.000304082 0.000299854 0.000297756 0.000294122 0.000290901 0.000286458 0.000280809 0.000277935 0.000272072 0.000268289 0.000263846 0.00026193 0.000258164 0.000255637 0.000252796 0.000250236 0.000246107 0.000242985 0.000239285 0.000235337 
0.00306186 0.00306063 0.00306244 0.00305053 0.00303861 0.00301869 0.00300227 0.00297302 0.0029473 0.0029166 0.00287629 0.00283834 0.00280228 0.00275664 0.00271261 0.00266965 0.00261382 0.00256141 0.00250964 0.00245854 0.00240656 0.00236366 0.00231294 0.00226222 0.00221197 0.00216321 0.00211016 0.00205933 0.00200937 0.00195622 0.00190731 0.00186034 0.00181635 0.00176681 0.0017264 0.00168289 0.00163971 0.00159969 0.00155847 0.00151711 0.0014794 
0 0 0 0 0 0 0 0 0 0 0 0 0 0 0 0 0 0 0 0 0 0 0 0 0 0 0 0 0 0 0 0 0 0 0 0 0 0 0 0 0 
0.000180739 0.000180527 0.000179536 0.000178461 0.000178173 0.000178139 0.000176479 0.000176293 0.00017559 0.000174285 0.000173091 0.000172787 0.000170906 0.000170754 0.000169704 0.000168925 0.000167223 0.00016558 0.000163191 0.000162514 0.000159592 0.000157712 0.000156103 0.000155189 0.000151767 0.000151318 0.000149371 0.000146296 0.000144145 0.000142147 0.000140419 0.000138946 0.00013715 0.000136075 0.000135016 0.000134093 0.00013096 0.000129054 0.000127106 0.000124244 0.00012128 
0.00162919 0.00162723 0.00162432 0.00161953 0.00161017 0.00160322 0.00159297 0.00157924 0.00156663 0.00154918 0.00152992 0.00150759 0.0014877 0.00146488 0.00144286 0.00141787 0.00139383 0.0013676 0.00134012 0.00131524 0.00128702 0.00125956 0.00123346 0.00120654 0.00117931 0.00115439 0.00112373 0.00109902 0.0010718 0.00104727 0.00102163 0.000996383 0.000970494 0.000947959 0.000927676 0.000904608 0.000879845 0.000854558 0.00083292 0.000809708 0.000788392 
0 0 0 0 0 0 0 0 0 0 0 0 0 0 0 0 0 0 0 0 0 0 0 0 0 0 0 0 0 0 0 0 0 0 0 0 0 0 0 0 0 
2.48113e-05 2.48227e-05 2.46893e-05 2.48101e-05 2.46574e-05 2.45879e-05 2.44728e-05 2.43304e-05 2.41309e-05 2.40477e-05 2.3846e-05 2.37742e-05 2.34039e-05 2.32626e-05 2.31258e-05 2.28375e-05 2.25549e-05 2.24762e-05 2.22187e-05 2.20534e-05 2.17777e-05 2.1527e-05 2.12546e-05 2.10688e-05 2.07543e-05 2.05902e-05 2.03213e-05 2.01047e-05 1.9764e-05 1.95429e-05 1.94005e-05 1.9209e-05 1.89663e-05 1.8768e-05 1.84398e-05 1.81697e-05 1.7976e-05 1.76922e-05 1.74233e-05 1.72056e-05 1.70472e-05 
0.000196386 0.000196438 0.00019589 0.000195341 0.00019417 0.000193036 0.000191635 0.000189849 0.000187531 0.00018556 0.000183316 0.000181038 0.000178692 0.000176007 0.000173004 0.000170305 0.000167297 0.000163877 0.000160128 0.000156729 0.000153358 0.000150347 0.000147013 0.000143541 0.000139922 0.000136534 0.000133132 0.00012979 0.000126755 0.000123244 0.00011995 0.000116914 0.00011389 0.000110757 0.000108275 0.000105495 0.000102725 0.000100299 9.75277e-05 9.46548e-05 9.22662e-05 
0 0 0 0 0 0 0 0 0 0 0 0 0 0 0 0 0 0 0 0 0 0 0 0 0 0 0 0 0 0 0 0 0 0 0 0 0 0 0 0 0 
