0.10043909853671809 0.000006264891251661448
0.10151108082395553 0.000006106817664248346
0.10259450433319607 0.000005942599525711602
0.10368949117612243 0.000005802535229635012
0.10479616476771018 0.000005627292444748742
0.10591464984013776 0.000005494659789345881
0.1070450724568449 0.000005346903158624512
0.10818756002674115 0.000005194262859163169
0.10934224131856603 0.00000506320300015974
0.11050924647540238 0.000004943865669578745
0.11168870702934473 0.000004794555625993702
0.11288075591632413 0.000004665625462478092
0.11408552749109126 0.00000455565884882161
0.11530315754235938 0.000004433152846989965
0.11653378330810908 0.000004313941148130251
0.11777754349105606 0.000004197935165300534
0.11903457827428436 0.00000408504869374605
0.12030502933704616 0.000003948199836658659
0.12158903987073039 0.0000037771269455278456
0.12288675459500163 0.0000036196280237685343
0.12419831977411142 0.0000034686965038236413
0.12552388323338345 0.0000033184001753919426
0.12686359437587502 0.0000031746160876002504
0.12821760419921582 0.000003037062069362971
0.1295860653126271 0.000002905468175881289
0.13096913195412174 0.00000277957615888622
0.13236696000788864 0.0000026636731844069525
0.13377970702186198 0.0000025482579846865302
0.13520753222547852 0.000002442000532728797
0.13665059654762404 0.0000023361902625904872
0.1378649084320781 0.0000022521651794143323
0.13884412264140417 8.616107575806436e-8
0.14032600014057545 8.00746728489487e-8
0.14182369365615974 7.454510638819876e-8
0.14333737199183708 6.927925346807689e-8
0.14486720575292206 6.329773995148891e-8
0.1461545325122467 5.622957052118453e-8
0.14716658353292197 4.9157095771821956e-8
0.1480415027985736 4.288641858690204e-8
0.14852689456553458 3.846270411308213e-8
0.14929098366670684 3.347060165414806e-8
0.1500855573851197 2.8859694814051453e-8
0.15088436007556075 2.505414413469019e-8
0.15178330018727473 2.150302062581494e-8
0.15252172734144445 1.8614014138972734e-8
0.15330636765789663 1.6088076486475403e-8
0.15406118264678922 1.4492418406218876e-8
0.15536856079429295 1.3528908894106785e-8
0.1577085537540105 1.4524787519521252e-8
0.1592508189408169 1.3015470403061676e-8
0.16046021482454115 1.1967117931319505e-8
0.16252446507973758 1.25452092191544e-8
0.16425908188082847 1.25452092191544e-8
0.1660122121743044 1.2291334607389722e-8
0.1677840535538932 1.224952449552259e-8
0.16927502523934332 1.3407080774749881e-8
0.17062822443462444 1.5110387340470503e-8
0.17141499801167268 1.6805278150015537e-8
0.1722968338040476 1.9125136262309247e-8
0.17352060793048482 2.1787495704505004e-8
0.1746837614732262 2.4463629655825454e-8
0.17693099141489163 2.4672912660865747e-8
0.17959573434711743 2.6354071531512395e-8
0.18079961103449496 2.42689163107383e-8
0.1816897909955734 2.212414339634994e-8
0.18265680138885543 1.9043850968324466e-8
0.18468278143628605 1.552014012761879e-8
0.1863206488840094 1.643969955902591e-8
0.1873208551623129 1.4812170483258407e-8
0.18790178399276775 1.3304686658154731e-8
0.18856790902941672 1.1920123124593897e-8
0.1892363955261594 1.0544052022554626e-8
0.18990725185453802 9.279287313556445e-9
0.19058048641577222 8.14538929557603e-9
0.19125610764086487 7.186687915129089e-9
0.19193412399070695 6.357049373981812e-9
0.19264862820208534 5.571689334592619e-9
0.19372537483356456 5.012319621708088e-9
0.19501506560308934 4.479246768829342e-9
0.19622652221322484 3.952045439977999e-9
0.1974545160157498 3.5744690623718162e-9
0.199588144141487 4.324032442137285e-9
0.20057942158341513 4.979126099781764e-9
0.20136173504815147 5.73346686207426e-9
0.20239763031542604 6.588606973271836e-9
0.20347485436317367 7.719778152500657e-9
0.20410588078609787 9.32683596404762e-9
0.20459400941266936 1.0961686747782287e-8
0.2051740441241736 1.3284301868566272e-8
0.20629370917982057 1.5356691274061527e-8
0.20894758722856616 1.4524787519521252e-8
0.21117767606581456 1.3707334101967347e-8
0.21389438420550705 1.4541883969964698e-8
0.21532817361950443 1.3270729363227544e-8
0.21685758679414366 1.1560122626557722e-8
0.21812752706569988 1.0309575570588652e-8
0.2199490792262471 9.231981068332381e-9
0.22081639706862877 8.229079897460222e-9
0.22181948214996466 6.964555171823492e-9
0.22330247575465514 6.509706559642846e-9
0.22547590693155445 7.493924663453448e-9
0.22636501852864263 6.024882186820298e-9
0.2268662356308735 5.155219944372879e-9
0.2274691612980355 4.2742270236170275e-9
0.22787200167522587 3.531735424576898e-9
0.22827555546942876 3.06080803878518e-9
0.22867982394408212 2.639151419998107e-9
0.22908480836486145 2.298962868594892e-9
0.23054109178391374 1.9627350266544665e-9
0.23152982091893715 2.2295317252241374e-9
0.2319398525902967 2.639151419998107e-9
0.23276209567667958 3.304698506140145e-9
0.23358725367262004 4.116988588010476e-9
0.23431166617846522 4.974038951338458e-9
0.2348720333337911 5.828011502583467e-9
0.23553790782584616 7.12087391011731e-9
0.23654026084019142 8.665036927464824e-9
0.2373368145896612 9.815931202950351e-9
0.2394882210764683 8.612054267620474e-9
0.24032507388565572 8.02437556100722e-9
0.24264459467535374 9.18491599258196e-9
0.24523433026015481 8.718345544642612e-9
0.2474135447622098 7.743488362361757e-9
0.2496121243174404 6.919948814987308e-9
0.25205313389096073 6.133629901917538e-9
0.2547432864203068 5.42555744575153e-9
0.25723447470950705 4.809047331644744e-9
0.25842059317541693 4.159288991389365e-9
0.25848918971421586 3.4868949994761847e-9
0.25894696553793584 2.605643623588922e-9
0.25906153611061894 3.014233853155594e-9
0.2595203255409171 2.1732769453883192e-9
0.25997992747215415 1.8422316200529513e-9
0.26070380412373 1.5544081921865616e-9
0.2617801655245131 1.3428198661647254e-9
0.26306481075772736 1.5965854386269146e-9
0.26349960559651864 1.870059398952809e-9
0.26391955262613154 2.184413187041921e-9
0.264386945443343 2.514067880107597e-9
0.26485516599780773 2.900875350383277e-9
0.2657940961846746 3.3386529553369287e-9
0.2686309054284184 3.1722989710798984e-9
0.27149799181827233 2.963315464068212e-9
0.27439567850094726 2.7775473775597077e-9
0.27732429207208537 2.594569166128433e-9
0.28028416261307054 2.403087042922302e-9
0.2832756237282313 2.2143896058790747e-9
0.2862990125824411 2.037035797763902e-9
0.2893546699391203 1.889917366875297e-9
0.29244294019864253 1.7714398246896184e-9
0.29556417143715247 1.6660567996146039e-9
0.29871871544579676 1.5563009424150598e-9
0.30190692777037426 1.4513008576395978e-9
0.3051291677514091 1.353384889761055e-9
0.3083857985646519 1.2642271139091177e-9
0.31167718726201293 1.1930765532940033e-9
0.31500370481293183 1.12401372889676e-9
0.31836572614618963 1.0589486980196022e-9
0.3217636301921667 1.0010552250291796e-9
0.3251977999255512 9.479404560596525e-10
0.3286686224085042 9.007077326189391e-10
0.332176488834285 8.690522216629363e-10
0.3357217945713422 8.356569816907564e-10
0.33930493920787513 8.035450271472272e-10
0.34292632659687133 7.739845563744046e-10
0.3465863649016243 7.442425002003487e-10
0.3502854666417373 7.168636254244411e-10
0.3540240487396179 6.904919529835157e-10
0.35653857823745433 6.742173800592019e-10
0.3590709677044595 8.062222791765772e-8
0.36290331708680357 8.062222791765772e-8
0.3667765689734137 7.993836613110792e-8
0.3706911599150029 8.08974079354165e-8
0.37464753112157156 8.256832477955018e-8
0.37864612851213597 8.586799088720996e-8
0.3813355414567509 8.929952107774993e-8
0.38883033096972014 9.932889664261322e-7
0.39298030078837426 9.698776092782751e-7
0.39717456306089327 9.470180468870585e-7
0.4014135905187801 9.246972737077144e-7
0.4056978609389811 9.044421729686282e-7
0.410027857197736 8.846307516018251e-7
0.4144040673250024 8.608421888335452e-7
0.41882698455946116 8.405525403909179e-7
0.4232971074041089 8.235424653788791e-7
0.4278149396824439 8.041319540019292e-7
0.43238099059525126 7.851789393148936e-7
0.436995774777995 7.666726383344089e-7
0.4416598123588217 7.486025222269901e-7
0.4463736290171839 7.309583103188444e-7
0.451137756043089 7.137299642468646e-7
0.45595273039698003 6.969076822474655e-7
0.4608190947702567 6.804818935800592e-7
0.46573739764644106 6.667111326841979e-7
0.47070819336299685 6.509970625904936e-7
0.4757320421738083 6.334911320569253e-7
0.48080951031232594 6.20671312761942e-7
0.485941170055386 6.060423797266935e-7
0.49112759978771153 5.917582438124794e-7
0.49636938406710146 5.778107783121515e-7
0.5016671136903154 5.641920480612572e-7
0.5070213857596625 5.527746189327277e-7
0.5124328037502993 5.379099833823779e-7
0.5179019775782475 5.252316962373245e-7
0.5234295236691373 5.128522304004791e-7
0.5290160650276832 5.024737537556434e-7
0.5346622313079034 4.906306819968547e-7
0.5403686588840866 4.790667459096002e-7
0.5461359909225181 4.6697909808073116e-7
0.5519648774539696 4.5675011942618544e-7
0.5578559754469641 4.459847323790619e-7
0.5638099488818221 4.354730804780195e-7
0.5698274688254983 4.252091833041376e-7
0.5759092135072167 4.1589515687852035e-7
0.5820558683949135 4.0678515024283946e-7
0.5882681262724955 3.978746944303165e-7
0.5945466873179227 3.918205121226048e-7
0.6008922591821257 3.8651639772954794e-7
0.6073055570687633 3.812840856761453e-7
0.6137873038148334 3.735681243452432e-7
0.6203382299721424 3.685110943944821e-7
0.6269590738896459 3.62285966484201e-7
0.6336505817966667 3.573816642596411e-7
0.6404135078870019 3.5134454188626807e-7
0.6472486144039276 3.454094024913064e-7
0.65415667172611 3.407335600415937e-7
0.6611384584544351 3.3497766821947736e-7
0.6681947614997628 3.3044304122476025e-7
0.6753263761716202 3.2375593881492655e-7
0.6825341062678394 3.193732215202069e-7
0.6898187641651529 3.139781623610014e-7
0.6971811709107564 3.076242560466871e-7
0.7046221563148475 3.013989323227903e-7
0.7121425590441535 2.947969168195189e-7
0.7197432267164563 2.8833951565966776e-7
0.7274250159961271 2.825044529424397e-7
0.7351887926906798 2.7584595489479445e-7
0.7430354318483557 2.7026372159103665e-7
0.7509658178567494 2.638937318658484e-7
0.7589808445424868 2.576738798241801e-7
0.7670814152719685 2.524593907662868e-7
0.7752684430531862 2.4692937511911645e-7
0.783542850638628 2.415204921141702e-7
0.7919055706292807 2.362300883924085e-7
0.8003575455797418 2.3105556871549214e-7
0.8088997281044552 2.2637974850564262e-7
0.8175330809850784 2.2104408353558244e-7
0.8262585772789968 2.1509999777299494e-7
0.8350772004289975 2.0931575413324493e-7
0.84398994437411 2.036870543095366e-7
0.8529978136616347 1.9820971558063185e-7
0.8621018235603619 1.9287966770265004e-7
0.8713030001750044 1.8769294988444032e-7
0.8806023805618461 1.8233480008684535e-7
0.8900010128456309 1.7712961165125755e-7
0.8994999563376924 1.7295474941076653e-7
0.9091002816553512 1.6773133055218664e-7
0.91880307084258 1.632208754523353e-7
0.926967788133135 0.00004559356279729665
0.936861276467811 0.00004497635806915773
0.9468603575886455 0.000044066181503432334
0.9569661584830182 0.00004302756218096967
0.9671798181665966 0.00004215682296466432
0.977502487811716 0.00004116320633143434
0.9879353308771244 0.00004033019567024693
0.9984795232391177 0.000039648911902911646
1.0091362533240686 0.000038714405562402355
1.0199067222423763 0.00003780192509999526
1.0307921439238394 0.00003703693594030346
1.0417937452544799 0.000036225657601036877
1.052912766214821 0.00003543214996895903
1.0641504600196479 0.000034774311823284996
1.0755080932592531 0.00003412868719065739
1.0869869460421957 0.00003332428996908867
1.098588312139578 0.00003253885201443968
1.1103134991308692 0.000031880370495468967
1.1221638285512767 0.00003118204453047945
1.1341406360407005 0.0000306031144240584
1.1462452714942668 0.000029983805996636197
1.1584790992144784 0.000029277101689464606
1.1708434980649784 0.000028684627487148445
1.1833398616259674 0.000028056302914409407
1.1959695983512653 0.000027441741524367602
1.208734131727064 0.000026978177865990543
1.2216349004323606 0.000026432226474331852
1.234673358501116 0.000025809231238182014
1.2478509754861318 0.000025286935559722278
1.2611692366246872 0.00002477520946286762
1.2746296430059347 0.00002427383905334343
1.2882337117400908 0.000023782614765405947
1.3019829761294226 0.000023222069640067315
1.315878985841071 0.0000228297874101703
1.329923307081707 0.000022367786074506822
1.3441175227740618 0.00002184058780079467
1.3584632327353323 0.000021398604677852993
1.3729620538574996 0.00002096556586917365
1.3876156202895629 0.000020541290370656134
1.4024255836217272 0.00002009134213613806
1.4173936130715483 0.00001965124982644714
1.4325213956720737 0.000019253571849681103
1.4478106364619807 0.000018863941593777678
1.463263058677756 0.000018482196198797755
1.4788804039479144 0.000018046579464179575
1.4946644324893017 0.000017741724963958448
1.5106169233054805 0.000017382689617590284
1.5267396743872481 0.00001697298773970473
1.5430345029152783 0.00001662950915775134
1.5595032454649413 0.000016292981475549334
1.5761477582132961 0.000015963264029284773
1.592969917148305 0.000015640219001726048
1.6099716182802677 0.00001532371136461823
1.6271547778555255 0.000015013608822243234
1.6445213325724337 0.000014709781756121949
1.662073239799651 0.000014387570239129357
1.679812477796746 0.000014072416628460921
1.6977410459371727 0.000013834696258975523
1.7158609649336105 0.000013531653117843927
1.734174277065724 0.000013235248007910691
1.7526830464103391 0.000012967409234485752
1.7713893590740917 0.000012704990654812142
1.7902953234285413 0.000012447882581633136
1.8094030703478137 0.000012195977547408676
1.8287147534487602 0.000011908524051215141
1.8482325493336986 0.000011707357555635751
1.8679586578357286 0.00001147043836183791
1.8878953022666793 0.000011200085485476389
1.9080447296676903 0.000010954752373500102
1.928409211062481 0.000010714793179063106
1.948991041713308 0.000010462250506830407
1.9628341562781368 0.000010462250506830407
