0.10029660816922775 0.000006226165683857088
0.10157146513259871 0.000006039115708215374
0.102862612625406 0.000005832215371774365
0.1041700857331184 0.000005657000673255162
0.1054941779591261 0.000005487049873378264
0.10683510054685076 0.0000053222048311363874
0.1081930674248013 0.000005162312156483446
0.10956838683721991 0.0000049854511434485474
0.1109610961568518 0.000004835675412718666
0.11237150802103132 0.000004690399328835209
0.11379994257846265 0.000004529706067426345
0.11524653498854534 0.000004374518163333952
0.11671141850072382 0.000004243096425229973
0.11819492195409584 0.000004115622932990189
0.11969738208839012 0.000003974621533010126
0.12121934641259083 0.0000037721250779606684
0.12276066266716561 0.0000035799452817344505
0.12432157691386723 0.0000033975565378498786
0.1259022330918446 0.0000032385415318611144
0.12750298613486324 0.0000030869688662272303
0.12912419950428367 0.0000029296959668914108
0.13076602676573015 0.0000027804357058222487
0.13242873002692546 0.000002638779860291828
0.13411257472831872 0.0000025043410054405735
0.1358178296854612 0.0000023767514546808435
0.13754476713192085 0.000002255662254084167
0.139380442183844 8.330493631294447e-8
0.14115362261398767 7.635214510666219e-8
0.14294948072452904 6.967536856079348e-8
0.14476830805895188 6.330599390884385e-8
0.14661236094586355 5.3411935880573855e-8
0.14848362712058838 3.954190294514869e-8
0.15037990835885834 2.814780543985512e-8
0.15230040696441902 2.0036945419116315e-8
0.15424491643562366 1.451404243744117e-8
0.15620615615455907 1.3774590361913993e-8
0.15819008508571897 1.407800340118084e-8
0.16020416653796357 1.2245650943460455e-8
0.1622390086634065 1.2460967825133753e-8
0.16430010850158644 1.2515386018909889e-8
0.16638836642272525 1.2192405585710484e-8
0.16850161664333654 1.2460967825133753e-8
0.17063642858315953 1.496358694288805e-8
0.17279568710365184 1.943498422134451e-8
0.17498431714571222 2.3748600827549447e-8
0.17720644575395456 2.448416799018474e-8
0.1794563431442877 2.5574673468257585e-8
0.1817410353739221 2.2343097580786237e-8
0.18406019981595495 1.6758689445063524e-8
0.18640085553283964 1.5766867122663422e-8
0.1887785362076403 1.2139391744286955e-8
0.19078819220712762 8.492078546964707e-9
0.19281908095736391 5.966553692021614e-9
0.1952792838351233 4.514453389087921e-9
0.1977680661310405 3.678399231923837e-9
0.20027304414223426 4.489231396884101e-9
0.2028025332024591 6.595541705371597e-9
0.20479000596399266 9.35463701707628e-9
0.20621605281611677 1.3794612878194162e-8
0.20883397901983097 1.451404243744117e-8
0.21148950099292835 1.3714697017324494e-8
0.21417574664439426 1.3955844328194186e-8
0.21690300206258667 1.2034054588168743e-8
0.21966774014334609 9.720323474404111e-9
0.2224723682447448 7.0410526386201366e-9
0.22529924346092556 6.979955305520222e-9
0.227213473124845 5.552617031230808e-9
0.22818597762580042 4.00462744662992e-9
0.2291635066648647 2.8321117264965374e-9
0.23111491571265297 2.0425598034331717e-9
0.23355076253625282 2.4688654932448152e-9
0.23468072187259492 3.808892018992803e-9
0.23564613965796322 6.515556898833815e-9
0.2379541681459766 9.510828363202586e-9
0.24098360711395525 8.309054911566861e-9
0.2440403935206769 9.225098701641866e-9
0.24714897024046278 7.783313236556326e-9
0.2502980854782363 6.439347464662726e-9
0.25348372358347593 5.7370849548340105e-9
0.2567104430149189 5.056028521149273e-9
0.2594351400126521 4.164802310749841e-9
0.2600047532456693 2.6184593607932924e-9
0.26111924604153747 1.8277495115847181e-9
0.2636191125209556 1.3407929771164e-9
0.26555492288775456 1.7233292855381458e-9
0.26609759469346295 2.3894825845412106e-9
0.2677676385514597 3.1996293608690278e-9
0.2711725578619817 3.0234131835562493e-9
0.27462192183311246 2.795329180682445e-9
0.2781151623376916 2.5844516624035603e-9
0.28165307294830266 2.379092866947708e-9
0.28523694322035464 2.152209168412707e-9
0.28886641614105657 1.946962377531061e-9
0.2925406046319504 1.8079461459255994e-9
0.2962615263542355 1.6788558958762253e-9
0.3000302773593742 1.5454551325589911e-9
0.303847224758368 1.4164684562473462e-9
0.30771221640085933 1.309611147692071e-9
0.31162611092383996 1.216102814546193e-9
0.3155895237539323 1.1342027571104445e-9
0.3196033452009892 1.0578183676986054e-9
0.32366794580759517 9.908866641041826e-10
0.3277842385455234 9.281899530971904e-10
0.33195204830374514 8.809011298586235e-10
0.33617257115238186 8.396725301636718e-10
0.34044647019771584 8.038688474669106e-10
0.3447747050652355 7.695918357622331e-10
0.34915796654841486 7.367763977148815e-10
0.3535975454207808 6.992395888735168e-10
0.35733953860816003 6.767565201938433e-10
0.36078800062687677 8.045090599077379e-8
0.36537301300619934 7.906077013224217e-8
0.3700144372843087 7.975280926379452e-8
0.37471419622490887 8.115511333686106e-8
0.3794723804933946 8.403412571602777e-8
0.38347890066455403 9.228771469614748e-8
0.38533810407289826 1.351249127631168e-7
0.385847733770027 2.0620798139805882e-7
0.386902975973636 3.0390351114914344e-7
0.3874146752952952 4.637733212357919e-7
0.3882049118532206 6.557789912946225e-7
0.39063559340197096 9.477015919424122e-7
0.39559760381313597 9.601719934481123e-7
0.40062565788613963 9.353931519548302e-7
0.40571761863480865 9.11253769839594e-7
0.4108746417956134 8.838773709278446e-7
0.4160968673507262 8.610674395580816e-7
0.42138581977356265 8.351987666422903e-7
0.42674164262738123 8.136450679349409e-7
0.43216553810513647 7.926475984110184e-7
0.43765873728344457 7.688344328925248e-7
0.4432213892696354 7.489933766263373e-7
0.4488547426824943 7.296643519457747e-7
0.4545600761398866 7.077433645856161e-7
0.46033754450731257 6.894788653410472e-7
0.4661884446222428 6.716857119957794e-7
0.47211410447972224 6.515065515867564e-7
0.47811508461841334 6.319336248783183e-7
0.4841919376514151 6.156255225466682e-7
0.4903460276174744 5.9973827802538e-7
0.4965787513274794 5.817206029437629e-7
0.5028902779624046 5.667083314839829e-7
0.509282024236927 5.52083476755263e-7
0.515755440903447 5.354974740494536e-7
0.5223107036763057 5.216780676097037e-7
0.5289492839803294 5.082152940274391e-7
0.5356726885925235 4.929472039708162e-7
0.5424811000128987 4.802258782967722e-7
0.5493765057546531 4.6579866202933023e-7
0.5563590929865941 4.537779498100956e-7
0.5634304290527882 4.4206745214070134e-7
0.5705921189540166 4.287866128001567e-7
0.577844357087101 4.177210583104229e-7
0.585189260527247 4.051716470436163e-7
0.5926265332225855 3.964392751758886e-7
0.6001583275178163 3.8789510581194583e-7
0.6077848285164376 3.82857250360445e-7
0.61550875768778 3.7624174260611455e-7
0.6233318872675112 3.665321962260816e-7
0.631252865853911 3.6177179529489954e-7
0.6392750345496383 3.5552062958021545e-7
0.6473996928097436 3.478583502307206e-7
0.6556276087731474 3.403612104538548e-7
0.6639595397055158 3.344800047958435e-7
0.6723967934441266 3.3013588730033763e-7
0.6809429711847486 3.216161794995687e-7
0.6895966180551264 3.160588749757693e-7
0.6983608221241455 3.0924708632144933e-7
0.7072364119960421 3.025821072280838e-7
0.716225402039553 2.9477347072871777e-7
0.7253286423403067 2.871663491323234e-7
0.734547585021537 2.797555420103608e-7
0.7438837006629933 2.725359831400295e-7
0.753338478535526 2.6550273704086793e-7
0.7629134268386507 2.5865099560073e-7
0.7726100729411304 2.519760747888297e-7
0.7824299636246197 2.454734114536184e-7
0.7923746653303986 2.391385602032907e-7
0.8024457644092524 2.3296719036679928e-7
0.8126448673745179 2.2695508303329561e-7
0.8229729131723612 2.2206368405022608e-7
0.8334343101021352 2.1445577369361256e-7
0.8440286893257019 2.0710851063843343e-7
0.8547584558334036 1.99143288024153e-7
0.8656231778744601 1.9316051322092048e-7
0.8766267328036869 1.8654282660859784e-7
0.8877709039395139 1.7936854325126878e-7
0.8990552428560981 1.739798524663398e-7
0.9104837766593029 1.6801929602919908e-7
0.9220583575428152 1.6155741239031962e-7
0.9298548210162443 1.5876581235288662e-7
0.9366963299129755 0.000045612261327490554
0.9486009674519639 0.00004462921320320582
0.9606585092860421 0.00004328843724791554
0.9728676863550478 0.00004235547282560268
0.9852320319915121 0.000041442615911637075
0.9977543523583678 0.000040373120011164405
1.0104349869871783 0.0000395029873156257
1.0232784928913936 0.00003831621632520367
1.036284384596515 0.00003732740238621857
1.0494555814655988 0.00003636410644195496
1.0627941845308413 0.000035425669957951495
1.0763023215286038 0.00003451145139432824
1.0899803248422608 0.00003391511744976423
1.1038339982694774 0.0000330398812157892
1.1178646866924105 0.00003204727849841501
1.132072770959892 0.000031220244967316434
1.1464604818707358 0.00003054737757680326
1.1610320193114194 0.000029759051493376465
1.1757887613071154 0.000028991069480803107
1.1907330618117116 0.000028242906526366372
1.2058673046978996 0.000027514051166178978
1.221191862361275 0.00002703862744448763
1.2367142711222612 0.00002622631777242255
1.252432936170079 0.000025549503852135597
1.2683503254785014 0.000024998853849104234
1.2844700116725136 0.000024460071607873385
1.3007956532122718 0.000023828838618969687
1.3173287940079597 0.00002321389565131651
1.3340720713795915 0.000022614822313715927
1.3510270267407782 0.00002212742138226651
1.3681986093769316 0.000021556386327268446
1.3855872848802233 0.000021091797102164434
1.4031969561027655 0.000020637220833072852
1.4210328076148164 0.00002001722582327935
1.4390941652351081 0.000019500647888081414
1.45738508310013 0.000018997401109033186
1.4759084789255434 0.000018507141453391112
1.4946660580055868 0.00001810827040069316
1.513663295825775 0.00001764095624756425
1.5329019889482134 0.000017185701916432854
1.5523826107632503 0.000016888744906516697
1.5721147414631071 0.00001638136372140402
1.5920950227657555 0.00001602830802079029
1.6123305848284792 0.000015614670769794872
1.632821976320525 0.00001527813904861222
1.6535751788409483 0.000014883861160503472
1.6745921550128153 0.000014499758271624465
1.6958762574049253 0.000014125567799130846
1.717429445466692 0.000013821129638749075
1.739258010743982 0.000013464452311235251
1.7613625450989032 0.000013174262695464026
1.7837480098482987 0.000012890327326887875
1.8064194855086158 0.000012557670907195356
1.8293791161133408 0.000012233599241850527
1.85263056411803 0.000011917890786933452
1.8761775385281299 0.000011610329715834964
1.9000222071167674 0.000011360100665195851
1.9241731388931984 0.000011018814123749998
1.94862942097105 0.000010734455227136239
1.9733948932096605 0.000010503103266739224
1.9900776043383392 0.00001041196467826296
